g =

   0.731059   0.907824   0.709057
   0.731059   0.922136   0.334899
   0.731059   0.594742   0.163526
   0.731059   0.113327   0.253946
   0.731059   0.068713   0.614834
   0.731059   0.318748   0.829636
   0.731059   0.856421   0.776081
   0.731059   0.936396   0.440314
   0.731059   0.754036   0.182098
   0.731059   0.185608   0.200464
   0.731059   0.061905   0.501824
   0.731059   0.188688   0.800797
   0.731059   0.758071   0.816996
   0.731059   0.936597   0.556123
   0.731059   0.854167   0.222265
   0.731059   0.313759   0.170949
   0.731059   0.068284   0.388489
   0.731059   0.114925   0.748133
   0.731059   0.600466   0.836183
   0.731059   0.922845   0.662133

g =

   0.72077
   0.86163
   0.77867
   0.44034
   0.21634
   0.28469
   0.62749
   0.84743
   0.82653
   0.55040
   0.24735
   0.23597
   0.51824
   0.81512
   0.85322
   0.65659
   0.30368
   0.21165
   0.41063
   0.76032

g =

   0.72077
   0.86163
   0.77867
   0.44034
   0.21634
   0.28469
   0.62749
   0.84743
   0.82653
   0.55040
   0.24735
   0.23597
   0.51824
   0.81512
   0.85322
   0.65659
   0.30368
   0.21165
   0.41063
   0.76032

g =

   0.72077
   0.86163
   0.77867
   0.44034
   0.21634
   0.28469
   0.62749
   0.84743
   0.82653
   0.55040
   0.24735
   0.23597
   0.51824
   0.81512
   0.85322
   0.65659
   0.30368
   0.21165
   0.41063
   0.76032

g =

   0.72077
   0.86163
   0.77867
   0.44034
   0.21634
   0.28469
   0.62749
   0.84743
   0.82653
   0.55040
   0.24735
   0.23597
   0.51824
   0.81512
   0.85322
   0.65659
   0.30368
   0.21165
   0.41063
   0.76032

h =

   0.72077
   0.86163
   0.77867
   0.44034
   0.21634
   0.28469
   0.62749
   0.84743
   0.82653
   0.55040
   0.24735
   0.23597
   0.51824
   0.81512
   0.85322
   0.65659
   0.30368
   0.21165
   0.41063
   0.76032


!! Submission failed: sprintf: format TEMPLATE must be a string


Function: costFunctionReg
FileName: /Users/nguyenhuutrinh/Google Drive/git/Machine-learning/octave/machine-learning-ex2/ex2/costFunctionReg.m
LineNumber: 23

Please correct your code and resubmit.
